Loc file format: YYYY MM DD HH MM SS.SSS LAT LON DEPTH RMS NPH GAP DIST ERRH ERRZ MAG Date: 29/09/2021 (MAG from SGC)
2016 9 13 23 48 45.425 7.215100 -76.257543 10.781 0.43 11 243.5 22.6 11.9 9.9 1.8
2016 9 14 1 58 30.300 7.236186 -76.274539 17.552 0.76 37 59.2 99.7 5.6 12.6 5.2
2016 9 14 2 1 50.445 7.171173 -76.195926 5.286 0.39 15 101.1 17.1 8.4 13.1 3.7
2016 9 14 2 2 44.488 7.190501 -76.295809 12.188 0.22 9 259.7 21.4 12.1 10.4 3.3
2016 9 14 2 3 58.784 7.141302 -76.253321 13.958 0.17 7 248.8 14.6 40.6 55.9 3.0
2016 9 14 2 6 12.237 7.158873 -76.206559 4.115 0.20 14 176.4 99.2 4.1 7.8 3.3
2016 9 14 2 8 22.199 7.188744 -76.157660 0.026 0.28 13 175.5 19.9 5.8 9.6 2.9
2016 9 14 2 14 39.525 7.229157 -76.266039 10.885 0.49 14 185.7 24.3 3.8 6.5 2.5
2016 9 14 2 15 34.680 7.179958 -76.215050 6.510 0.38 12 178.6 98.4 9.7 16.1 2.8
2016 9 14 2 17 36.461 7.208072 -76.223538 10.990 0.52 14 181.3 97.1 5.9 9.8 2.4
2016 9 14 2 18 57.096 7.195772 -76.297933 13.203 0.21 11 245.8 22.1 7.5 7.3 2.3
2016 9 14 2 21 21.574 7.237943 -76.263911 5.495 0.35 19 186.7 25.2 3.5 7.3 2.3
2016 9 14 2 26 26.875 7.207193 -76.233103 10.482 0.32 30 77.3 21.2 2.2 3.8 3.1
2016 9 14 2 29 24.130 7.167659 -76.174675 9.453 0.45 17 214.4 17.1 6.3 7.0 2.4
2016 9 14 2 31 18.620 7.146573 -76.149185 4.089 0.18 12 200.3 15.8 5.5 7.1 2.1
2016 9 14 2 32 41.665 7.188744 -76.229923 12.474 0.50 23 180.2 19.2 3.2 5.0 2.8
2016 9 14 2 34 8.109 7.186987 -76.232049 12.656 0.39 19 238.3 19.0 7.3 8.8 2.7
2016 9 14 2 35 20.833 7.206315 -76.259672 13.047 0.48 30 69.4 21.7 2.7 4.6 3.3
2016 9 14 2 39 17.380 7.185230 -76.246928 16.172 0.42 25 125.6 19.1 3.4 5.8 2.6
2016 9 14 2 40 39.735 7.146573 -76.132184 0.026 0.28 12 193.7 16.7 8.4 11.7 2.2
2016 9 14 2 40 40.293 7.199286 -76.166156 10.495 0.21 13 215.3 20.8 6.5 5.5 2.2
2016 9 14 2 42 45.082 7.241457 -76.314924 17.057 0.20 13 249.0 27.5 4.7 3.7 1.9
2016 9 14 2 42 46.275 7.185230 -76.268181 16.068 0.34 16 243.1 19.7 8.6 6.1 1.8
2016 9 14 2 43 31.545 7.185230 -76.272432 16.120 0.25 12 243.4 19.9 7.1 7.4 1.8
2016 9 14 2 47 8.083 7.194015 -76.232046 13.698 0.61 24 238.3 19.8 7.6 7.0 2.7
2016 9 14 2 49 38.124 7.223886 -76.251163 12.318 0.36 25 106.2 23.4 2.9 4.1 2.7
2016 9 14 2 53 15.989 7.144816 -76.113058 8.490 0.36 20 186.5 17.7 9.0 7.1 2.2
2016 9 14 2 57 13.251 7.215100 -76.198029 10.260 0.39 16 123.2 22.0 4.1 5.3 2.6
2016 9 14 3 0 39.871 7.234429 -76.297921 14.089 0.54 24 80.1 26.0 4.0 7.2 2.8
2016 9 14 3 2 13.605 7.158873 -76.317071 18.698 0.26 10 183.3 19.7 12.3 9.0 2.3
2016 9 14 3 3 9.972 7.208072 -76.240542 7.865 0.32 12 182.4 21.4 7.5 7.8 2.3
2016 9 14 3 4 51.452 7.222129 -76.215029 8.594 0.59 30 68.6 22.7 5.4 10.3 3.5
2016 9 14 3 10 16.465 7.130759 -76.147070 5.260 0.26 7 195.7 14.4 17.2 45.9 1.7
2016 9 14 3 11 2.840 7.215100 -76.249041 6.927 0.28 7 242.8 22.4 29.9 53.8 1.6
2016 9 14 3 14 55.134 7.186987 -76.232049 9.531 0.26 15 238.3 19.0 6.3 6.1 1.9
2016 9 14 3 19 28.056 7.165901 -76.342573 0.052 0.21 7 248.0 22.1 19.4 15.3 1.7
2016 9 14 3 19 58.177 7.158873 -76.249064 14.948 0.15 6 245.6 16.3 58.3 39.9 1.6
2016 9 14 3 23 30.316 7.151845 -76.385080 20.573 0.20 8 287.0 24.4 18.6 46.0 2.5
2016 9 14 3 24 15.727 7.195772 -76.246923 10.651 0.40 23 181.9 20.2 4.1 5.5 3.0
2016 9 14 3 26 38.193 7.151845 -76.249067 14.635 0.08 7 246.0 15.5 22.4 27.9 1.9
2016 9 14 3 27 48.709 7.186987 -76.215046 7.031 0.18 9 231.9 18.8 10.0 6.2 1.8
2016 9 14 3 29 33.245 7.172930 -76.147043 0.677 0.18 6 204.7 18.6 81.5 28.0 1.4
2016 9 14 3 30 23.826 7.158873 -76.164054 3.594 0.04 6 208.8 16.5 42.5 18.1 1.7
2016 9 14 3 32 38.234 7.172930 -76.215053 6.198 0.42 15 231.4 17.3 8.4 6.8 1.9
2016 9 14 3 35 2.669 7.157116 -76.255440 16.484 0.41 18 101.7 16.3 5.2 4.0 2.6
2016 9 14 3 38 58.540 7.165901 -76.274564 17.656 0.29 10 254.9 18.0 12.4 9.6 1.4
2016 9 14 3 39 56.822 7.074532 -76.257598 25.990 0.18 6 266.5 8.3 74.4 43.0 1.6
2016 9 14 3 40 33.894 7.144816 -76.317075 20.885 0.25 7 271.9 18.5 12.0 12.4 1.5
2016 9 14 3 40 58.959 7.215100 -76.249041 6.094 0.20 7 242.8 22.4 26.2 20.6 1.4
2016 9 14 3 45 43.950 7.208072 -76.308557 15.052 0.23 10 247.1 23.8 10.5 9.0 2.4
2016 9 14 3 46 9.160 7.216858 -76.280923 15.807 0.48 26 70.5 23.5 7.0 5.2 3.1
2016 9 14 3 48 38.021 7.181715 -76.280935 12.109 0.10 7 243.9 19.9 7.7 7.1 1.6
2016 9 14 3 48 55.511 7.194015 -76.359570 22.031 0.20 6 250.3 25.7 27.2 19.1 1.7
2016 9 14 3 49 25.515 7.211586 -76.270297 2.917 0.10 6 244.3 22.6 17.4 13.1 1.6
2016 9 14 3 49 55.628 7.209829 -76.314933 16.328 0.47 26 80.6 24.3 2.9 4.0 2.5
2016 9 14 3 52 9.130 7.181715 -76.161915 1.641 0.23 10 211.5 19.0 15.1 11.6 1.8
2016 9 14 3 53 30.689 7.194015 -76.308561 13.698 0.22 12 246.6 22.4 12.1 7.5 2.1
2016 9 14 3 55 54.743 7.160630 -76.144926 0.026 0.25 13 201.6 17.4 5.9 7.3 2.1
2016 9 14 3 58 11.557 7.164144 -76.166176 5.755 0.44 19 120.5 17.0 4.9 6.4 2.8
2016 9 14 4 6 42.888 7.188744 -76.157660 0.026 0.26 13 211.0 19.9 7.4 7.0 2.2
2016 9 14 4 7 40.684 7.213343 -76.285175 16.432 0.47 26 70.6 23.3 3.4 4.0 3.2
2016 9 14 4 16 4.728 7.155359 -76.270317 14.583 0.37 9 242.0 16.7 18.2 9.9 1.6
2016 9 14 4 17 45.764 7.165901 -76.164050 4.531 0.28 14 209.9 17.2 8.5 9.4 2.0
2016 9 14 4 19 52.371 7.164144 -76.246936 12.370 0.20 11 240.5 16.8 11.3 8.3 1.2
2016 9 14 4 21 13.509 7.243214 -76.223521 1.302 0.14 7 236.9 25.1 16.2 13.1 1.1
2016 9 14 4 21 49.944 7.202801 -76.280927 16.328 0.23 8 244.8 22.0 12.7 11.7 1.3
2016 9 14 4 23 53.468 7.178201 -76.217176 10.078 0.32 12 232.4 17.9 7.2 8.5 1.5
2016 9 14 4 27 43.549 7.181715 -76.212924 6.120 0.29 10 230.9 18.2 11.4 7.0 1.1
2016 9 14 4 30 7.026 7.206315 -76.217162 15.391 0.67 23 76.6 21.0 6.3 9.2 2.6
2016 9 14 4 35 39.472 7.201044 -76.257548 12.448 0.49 18 182.9 21.1 9.6 8.3 2.5
2016 9 14 4 43 45.815 7.186987 -76.257554 18.490 0.45 30 186.7 19.6 3.9 3.8 3.1
2016 9 14 4 48 36.153 7.179958 -76.189546 10.990 0.46 14 221.7 18.2 9.0 8.3 1.5
2016 9 14 4 52 14.068 7.148330 -76.227816 14.688 0.32 18 236.6 14.7 9.0 6.1 1.9
2016 9 14 4 54 53.487 7.195772 -76.323438 14.557 0.26 17 247.7 23.4 5.9 5.1 2.0
2016 9 14 5 0 30.891 7.165901 -76.172551 0.052 0.30 9 234.3 95.9 15.5 31.6 1.4
2016 9 14 5 4 59.021 7.199286 -76.246922 12.370 0.34 17 137.6 20.6 7.5 7.3 2.6
2016 9 14 5 10 50.965 7.186987 -76.198043 6.719 0.40 18 102.3 18.9 7.8 8.1 2.6
2016 9 14 5 13 14.670 7.206315 -76.336188 18.516 0.26 14 249.1 25.2 7.2 4.2 2.2
2016 9 14 5 29 21.157 7.192258 -76.263928 17.161 0.54 36 129.7 20.3 5.2 5.6 3.6
2016 9 14 5 34 20.807 7.181715 -76.306439 12.682 0.22 11 245.9 21.1 9.9 5.7 1.4
2016 9 14 5 39 12.149 7.229157 -76.308551 12.448 0.34 14 248.0 25.9 9.5 7.4 1.9
2016 9 14 5 42 56.146 7.181715 -76.229926 10.599 0.65 27 76.9 18.4 5.5 7.1 2.6
2016 9 14 5 45 13.956 7.199286 -76.361695 17.839 0.15 8 250.7 26.2 7.8 4.3 1.6
2016 9 14 5 46 29.127 7.278356 -76.402072 40.052 0.22 8 277.4 35.9 35.8 22.5 1.5
2016 9 14 5 50 21.877 7.292413 -76.283023 35.573 0.13 8 249.0 31.6 6.5 14.5 1.3
2016 9 14 5 52 49.525 7.118459 -76.306457 25.339 0.10 8 243.6 15.5 11.0 16.7 1.0
2016 9 14 5 53 49.483 7.194015 -76.215043 30.469 0.22 7 232.2 19.6 49.9 34.5 1.0
2016 9 14 5 54 40.756 7.241457 -76.297919 7.734 0.14 8 247.7 26.7 9.8 6.0 1.4
2016 9 14 5 55 32.372 7.241457 -76.378693 10.026 0.13 9 253.5 31.1 11.6 4.5 1.5
2016 9 14 5 56 7.814 7.208072 -76.300055 13.490 0.15 8 246.5 23.4 9.4 7.3 1.8
2016 9 14 5 56 40.005 7.164144 -76.123671 0.026 0.25 12 194.7 18.8 7.2 6.7 2.0
2016 9 14 5 57 20.093 7.171173 -76.166172 11.432 0.49 19 174.6 17.7 8.4 7.4 2.7
2016 9 14 5 59 53.963 7.160630 -76.115172 0.911 0.16 10 191.1 19.0 8.3 8.1 1.7
2016 9 14 6 2 12.145 7.167659 -76.221432 19.661 0.52 22 132.3 16.7 5.1 4.8 2.1
2016 9 14 6 3 33.451 7.172930 -76.147043 1.198 0.24 11 204.7 18.6 8.9 8.5 1.6
2016 9 14 6 4 46.134 7.113188 -76.117331 1.875 0.27 12 178.4 14.7 8.4 8.6 1.5
2016 9 14 6 18 7.322 7.201044 -76.215040 11.927 0.55 28 124.2 20.4 5.4 8.5 3.2
2016 9 14 6 21 9.588 7.181715 -76.217174 11.328 0.78 35 123.8 18.3 4.6 4.9 3.3
2016 9 14 6 29 49.226 7.129002 -76.217200 4.766 0.54 21 204.1 12.4 6.3 5.9 2.0
2016 9 14 6 32 50.349 7.179958 -76.317066 12.969 0.66 28 80.5 21.6 9.6 8.2 2.1
2016 9 14 6 33 52.654 7.225643 -76.083243 79.792 0.18 8 229.0 84.2 23.9 14.6 1.4
2016 9 14 6 35 16.446 7.146573 -76.234193 5.078 0.42 17 238.7 14.6 6.8 7.0 1.9
2016 9 14 6 36 28.599 7.109674 -76.198084 2.031 0.43 15 218.6 10.3 5.5 7.3 1.7
2016 9 14 6 37 54.347 7.208072 -76.223538 7.344 0.41 16 235.7 21.2 9.9 8.1 1.8
2016 9 14 6 39 29.199 7.178201 -76.191672 7.630 0.24 14 222.4 18.0 8.5 7.9 1.6
2016 9 14 6 42 27.818 7.225643 -76.321305 16.458 0.47 31 131.1 26.2 3.0 3.8 2.8
2016 9 14 6 46 59.812 7.223886 -76.302176 17.943 0.65 40 130.8 25.1 4.4 4.2 4.5
2016 9 14 7 0 32.207 7.271328 -76.436085 10.156 0.29 10 258.5 37.7 7.8 10.1 1.2
2016 9 14 7 15 58.901 7.266057 -76.327672 10.599 0.30 20 251.0 30.5 7.6 3.7 2.0
2016 9 14 7 20 31.216 7.204558 -76.227791 11.354 0.44 27 132.7 20.9 5.4 4.1 2.3
2016 9 14 7 23 14.495 7.188744 -76.297935 5.026 0.14 8 245.5 21.4 8.1 5.4 1.1
2016 9 14 7 25 34.145 7.243214 -76.266034 7.031 0.62 40 70.5 25.8 3.2 6.4 3.1
2016 9 14 7 27 3.503 7.222129 -76.240536 8.073 0.69 37 69.3 23.0 2.7 3.7 2.6
2016 9 14 7 27 4.158 7.186987 -76.189542 11.302 0.55 18 177.4 19.0 4.1 5.5 2.6
2016 9 14 7 29 41.009 7.252000 -76.306419 17.474 0.35 22 214.7 28.2 5.4 6.4 1.8
2016 9 14 7 32 22.374 7.051689 -76.038758 12.891 0.26 10 137.0 19.2 18.1 16.9 1.1
2016 9 14 7 34 33.343 7.160630 -76.153427 0.026 0.28 14 204.8 17.1 9.2 10.2 1.4
2016 9 14 7 42 55.579 7.229157 -76.300049 18.906 0.34 16 247.4 25.5 10.4 11.0 2.1
2016 9 14 7 44 21.362 8.680530 -75.902809 53.854 0.14 10 308.6 111.0 30.4 25.4 1.4
2016 9 14 7 48 24.961 7.280114 -76.408449 11.589 0.26 14 257.0 36.5 5.1 7.9 1.4
2016 9 14 7 52 37.939 7.137788 -76.121564 0.052 0.30 11 187.5 16.5 12.3 7.7 1.4
2016 9 14 7 56 37.205 7.215100 -76.240539 13.802 0.26 10 241.4 22.2 8.5 8.6 0.8
2016 9 14 7 58 36.792 7.176444 -76.176796 14.062 0.39 10 216.4 18.0 12.8 10.1 1.1
2016 9 14 7 59 49.400 7.150966 -76.126868 0.013 0.18 13 192.8 17.4 4.5 5.2 1.7
2016 9 14 8 1 8.261 7.095617 -76.155592 0.573 0.11 7 188.7 10.5 17.2 10.6 1.4
2016 9 14 8 11 1.608 7.230914 -76.259662 18.620 0.51 34 70.1 24.3 2.6 3.4 3.0
2016 9 14 8 14 18.158 7.125488 -76.225702 15.026 0.29 11 236.0 12.1 11.4 8.2 1.0
2016 9 14 8 18 35.448 7.195772 -76.255425 11.380 0.20 7 242.5 20.4 23.0 18.4 1.3
2016 9 14 8 19 28.583 7.164144 -76.136423 0.026 0.32 12 199.1 18.2 12.5 9.0 1.6
2016 9 14 8 24 2.026 7.143059 -76.123685 0.026 0.20 12 189.7 16.9 5.9 8.1 1.6
2016 9 14 8 25 23.680 7.125488 -76.123697 1.328 0.23 12 184.8 15.3 8.6 8.0 1.5
2016 9 14 8 27 14.529 7.188744 -76.238425 15.859 0.28 12 240.6 19.3 8.5 9.1 1.3
2016 9 14 8 32 34.684 7.236186 -76.342558 19.635 0.28 10 250.8 28.4 8.2 9.7 1.4
2016 9 14 8 36 23.265 7.215100 -76.198029 8.490 0.26 8 227.5 22.0 10.6 12.1 1.2
2016 9 14 8 42 36.942 7.186987 -76.189542 8.906 0.28 12 222.3 19.0 7.0 6.7 1.2
2016 9 14 8 43 45.749 7.171173 -76.174673 12.526 0.26 10 214.9 17.5 7.9 8.8 1.1
2016 9 14 8 47 46.783 8.525904 -76.005374 39.479 0.03 8 304.6 100.6 38.0 32.0 1.3
2016 9 14 8 55 29.231 7.255514 -76.314920 8.880 0.16 8 249.6 28.9 10.8 7.8 1.1
2016 9 14 8 55 53.141 7.208072 -76.325560 11.302 0.13 7 248.4 24.7 16.9 13.4 1.5
2016 9 14 8 59 21.200 8.511847 -75.868932 67.396 0.10 8 302.8 92.3 70.3 23.2 1.2
2016 9 14 9 4 16.857 7.174687 -76.255433 14.089 0.09 8 241.6 18.2 5.7 5.0 1.0
2016 9 14 9 6 6.750 7.176444 -76.193798 18.438 0.20 8 223.1 17.7 7.1 9.8 1.0
2016 9 14 9 6 56.851 7.201044 -76.266050 13.073 0.12 6 243.6 21.3 63.5 15.3 1.1
2016 9 14 9 6 59.225 7.136031 -76.076937 3.359 0.15 6 173.2 19.7 101.7 37.2 1.5
2016 9 14 9 7 42.508 7.167659 -76.263937 15.807 0.11 8 242.0 17.7 5.6 5.1 1.3
2016 9 14 9 8 36.856 7.194015 -76.189538 6.406 0.27 7 223.0 19.7 11.2 10.4 1.1
2016 9 14 9 11 28.492 7.252000 -76.238397 9.714 0.48 26 126.8 26.2 3.9 4.1 3.2
2016 9 14 9 34 48.217 7.250243 -76.317048 11.823 0.38 12 249.5 28.4 8.7 9.8 1.6
2016 9 14 9 40 48.925 7.208072 -76.249044 7.344 0.22 9 242.5 21.6 11.6 9.9 1.3
2016 9 14 9 46 42.416 7.204558 -76.295805 16.562 0.22 7 246.0 22.9 31.6 24.3 2.0
2016 9 14 10 10 25.046 7.248486 -76.280912 8.255 0.36 14 246.8 26.8 7.1 4.4 1.9
2016 9 14 10 13 44.410 7.204558 -76.210787 4.688 0.42 16 231.2 20.8 7.2 5.8 1.6
2016 9 14 10 24 56.201 7.218615 -76.227784 7.812 0.48 17 182.5 22.4 8.5 8.7 1.9
2016 9 14 10 32 3.960 7.218615 -76.261792 5.938 0.28 12 244.0 23.1 13.0 22.1 1.8
2016 9 14 10 38 59.392 7.227400 -76.310677 17.630 0.37 16 248.1 25.8 6.9 6.6 2.0
2016 9 14 10 44 12.863 7.160630 -76.289443 15.443 0.14 8 260.7 18.2 6.3 6.7 1.6
2016 9 14 10 45 9.788 7.158873 -76.198058 2.240 0.07 7 223.4 15.8 13.1 23.5 1.2
2016 9 14 10 45 47.005 7.243214 -76.342557 19.740 0.61 25 192.5 29.0 9.9 8.3 2.5
2016 9 14 10 55 16.122 7.204558 -76.312809 10.521 0.16 8 247.3 23.7 15.8 30.0 1.1
2016 9 14 10 56 7.650 7.288899 -76.329792 33.854 0.12 8 252.1 32.9 29.3 17.4 1.5
2016 9 14 11 0 42.019 7.215100 -76.359567 22.135 0.22 8 273.8 27.5 10.6 11.1 2.5
2016 9 14 11 11 40.093 7.137788 -76.291575 23.281 0.26 10 243.1 16.1 13.2 14.3 1.4
2016 9 14 11 23 27.374 7.236186 -76.308549 12.240 0.44 14 248.3 26.6 9.5 7.6 1.9
2016 9 14 11 38 9.074 7.132516 -76.157695 0.026 0.23 10 200.8 14.0 6.0 5.1 1.0
2016 9 14 11 41 14.103 7.185230 -76.293686 13.203 0.17 10 245.1 20.8 12.0 4.5 1.4
2016 9 14 11 53 20.613 7.262542 -76.412702 11.797 0.38 16 256.6 35.2 9.9 6.6 1.8
2016 9 14 11 55 57.769 7.167659 -76.153423 0.078 0.37 16 206.1 17.8 10.1 9.7 1.7
2016 9 14 11 58 10.228 7.111431 -76.217208 14.089 0.31 10 231.2 10.5 8.2 9.4 1.3
2016 9 14 12 2 51.702 7.213343 -76.242665 13.255 0.76 49 59.1 22.1 3.5 5.9 4.0
2016 9 14 12 12 19.263 7.194015 -76.232046 9.844 0.26 9 238.3 19.8 14.0 17.7 1.8
2016 9 14 12 20 0.315 7.225643 -76.457340 13.958 0.36 8 289.9 35.8 22.2 18.6 1.5
2016 9 14 12 36 17.521 7.179958 -76.232052 12.656 0.49 20 106.5 18.2 9.7 7.3 2.6
2016 9 14 12 37 58.944 7.190501 -76.278806 18.438 0.29 8 254.4 20.7 12.2 16.2 2.2
2016 9 14 12 42 18.237 7.243214 -76.385070 13.177 0.13 8 254.0 31.7 21.1 13.1 1.6
2016 9 14 12 48 39.383 7.213343 -76.195904 7.734 0.38 26 170.1 21.8 4.9 4.6 2.7
2016 9 14 13 0 53.691 7.153602 -76.119428 3.307 0.51 10 190.8 18.1 8.7 8.4 1.4
2016 9 14 13 8 42.710 7.178201 -76.208675 9.870 0.24 13 229.1 17.9 7.1 5.4 1.6
2016 9 14 13 20 1.248 7.201044 -76.232043 7.969 0.13 10 238.4 20.5 5.4 3.8 1.2
2016 9 14 13 25 27.745 7.086831 -76.170472 11.693 0.23 9 194.2 8.8 8.8 7.0 1.2
2016 9 14 13 51 39.319 7.186987 -76.317064 18.490 0.28 10 246.9 22.2 10.6 11.8 1.2
2016 9 14 13 54 12.528 7.158873 -76.317071 16.510 0.36 10 245.9 19.7 10.7 7.9 1.3
2016 9 14 14 6 47.274 7.215100 -76.283049 7.448 0.24 10 245.5 23.4 11.4 13.7 1.6
2016 9 14 14 10 18.650 7.241457 -76.255407 11.797 0.13 8 246.0 25.4 8.9 11.9 1.2
2016 9 14 14 29 50.811 7.264300 -76.410576 9.844 0.23 10 256.5 35.3 13.4 12.9 1.7
2016 9 14 14 34 8.884 7.179958 -76.368074 18.906 0.27 9 250.4 25.1 10.9 8.7 1.4
2016 9 14 14 43 58.116 7.194015 -76.283056 11.823 0.75 42 60.6 21.2 3.6 5.8 3.6
2016 9 14 14 55 8.188 7.144816 -76.232068 5.052 0.49 20 238.5 14.4 7.7 7.6 2.4
2016 9 14 15 9 13.382 7.165901 -76.206555 11.615 0.23 10 227.5 16.5 6.3 4.6 1.6
2016 9 14 15 13 6.080 7.250243 -76.308545 7.865 0.26 11 248.9 28.1 14.1 14.0 1.8
2016 9 14 15 33 0.366 7.194015 -76.300059 18.906 0.18 8 245.9 22.0 8.2 8.1 1.3
2016 9 14 15 33 49.292 7.257271 -76.359560 40.052 0.38 10 252.8 31.4 7.7 20.0 1.6
2016 9 14 15 59 0.768 7.174687 -76.119413 0.026 0.34 13 136.1 20.1 8.6 8.9 2.5
2016 9 14 15 59 34.641 7.237943 -76.344684 19.036 0.63 48 59.8 28.7 2.6 3.1 4.3
2016 9 14 16 3 25.558 7.191379 -76.273492 10.794 0.16 13 144.3 20.6 3.3 5.0 2.3
2016 9 14 16 5 42.918 7.199286 -76.297932 16.901 0.16 11 246.0 22.4 4.7 3.4 1.8
2016 9 14 16 11 42.767 7.130759 -76.215074 12.240 0.38 10 230.1 12.6 11.5 8.2 1.9
2016 9 14 16 20 26.600 7.230914 -76.276667 11.901 0.17 10 245.7 24.8 6.8 6.5 1.8
2016 9 14 16 27 10.059 7.250243 -76.283037 45.990 0.23 10 247.0 27.1 5.3 16.2 1.2
2016 9 14 16 40 52.279 7.209829 -76.348940 14.870 0.01 6 271.9 26.3 28.5 13.7 1.7
2016 9 14 16 50 36.558 7.223886 -76.348938 12.109 0.24 12 250.7 27.6 6.5 7.3 2.1
2016 9 14 17 20 7.873 7.220372 -76.361691 16.693 0.18 12 150.0 28.1 2.3 3.3 2.0
2016 9 14 17 22 18.937 7.146573 -76.255444 15.339 0.14 7 249.2 15.2 14.4 12.1 1.7
2016 9 14 17 26 33.252 7.208072 -76.283051 12.448 0.45 14 245.2 22.7 12.2 9.4 2.3
2016 9 14 17 39 8.802 7.299442 -76.317035 52.552 0.18 10 251.7 33.5 4.9 14.6 1.6
2016 9 14 18 13 40.454 7.188744 -76.293685 16.484 0.12 8 259.2 21.2 5.0 5.8 1.7
2016 9 14 18 26 32.210 7.213343 -76.272422 12.214 0.15 10 244.6 22.8 5.0 3.6 1.6
2016 9 14 19 20 3.278 7.202801 -76.238419 12.214 0.33 12 240.6 20.8 6.6 13.7 1.9
2016 9 14 19 30 53.933 7.229157 -76.232030 11.198 0.27 9 239.0 23.6 6.9 7.4 1.4
2016 9 14 19 38 3.314 7.192258 -76.251176 14.141 0.50 15 143.5 20.0 4.0 6.4 2.1
2016 9 14 19 48 20.482 7.262542 -76.353182 12.682 0.50 28 59.5 31.5 3.0 6.3 2.9
2016 9 14 20 16 19.066 7.215100 -76.291551 14.531 0.41 26 99.1 23.7 2.2 3.5 2.6
2016 9 14 20 32 14.574 7.290656 -76.378687 8.984 0.13 8 255.5 35.6 6.9 7.4 1.5
2016 9 14 21 46 0.895 7.181715 -76.242678 12.682 0.50 22 142.2 18.6 3.7 4.6 2.4
2016 9 14 22 5 19.174 7.230914 -76.302174 16.276 0.25 10 247.6 25.8 9.0 8.6 1.4
2016 9 14 22 7 14.084 7.206315 -76.238417 11.276 0.17 10 240.6 21.2 6.5 8.0 1.5
2016 9 14 22 9 9.410 7.178201 -76.212925 11.016 0.30 10 230.8 17.9 8.4 7.2 1.6
2016 9 14 22 36 39.887 7.185230 -76.306438 17.370 0.26 12 246.0 21.5 12.0 9.2 1.5
2016 9 14 23 18 28.882 7.143059 -76.272447 18.620 0.23 10 241.7 15.6 8.5 6.4 1.8
2016 9 14 23 20 42.117 7.174687 -76.221428 11.068 0.25 20 234.0 17.5 5.8 3.9 2.2
2016 9 14 23 48 13.082 7.157116 -76.140678 0.026 0.23 12 199.2 17.3 10.4 11.8 1.6
2016 9 15 0 41 11.124 7.237943 -76.302172 10.651 0.40 16 247.9 26.5 8.4 7.4 1.7
2016 9 15 0 51 3.631 7.160630 -76.251188 13.568 0.34 14 240.7 16.6 8.3 9.4 1.5
2016 9 15 1 30 14.629 7.123731 -76.138574 0.052 0.19 10 190.1 14.2 7.2 7.7 0.9
2016 9 15 1 57 45.286 7.132516 -76.153444 3.568 0.23 14 198.9 14.2 4.1 4.1 1.7
2016 9 15 2 1 54.853 7.204558 -76.278801 19.062 0.18 10 244.7 22.1 7.3 4.5 1.1
2016 9 15 2 25 35.867 7.215100 -76.257543 12.448 0.43 22 105.8 22.6 2.6 5.8 2.3
2016 9 15 2 31 56.033 7.241457 -76.280914 11.953 0.14 10 246.5 26.1 5.3 4.0 1.2
2016 9 15 2 35 6.135 7.162387 -76.176804 7.188 0.26 12 214.6 16.5 5.0 5.1 1.0
2016 9 15 2 37 54.411 7.376755 -76.521136 24.740 0.28 10 267.6 52.7 10.5 11.0 1.3
2016 9 15 2 43 12.123 7.230914 -76.225653 13.255 0.23 12 237.1 23.8 6.8 7.5 1.3
2016 9 15 3 0 40.812 7.125488 -76.140698 0.026 0.40 10 191.5 14.2 10.9 11.2 1.4
2016 9 15 3 3 53.279 7.167659 -76.191678 9.557 0.26 9 221.4 16.8 9.6 7.6 0.9
2016 9 15 3 51 37.794 7.174687 -76.348947 10.078 0.62 32 62.4 23.3 5.3 5.6 3.4
2016 9 15 3 58 33.185 7.243214 -76.266034 12.969 0.27 8 245.4 25.8 9.0 10.3 1.1
2016 9 15 4 50 57.197 7.206315 -76.212911 10.964 0.36 16 232.0 21.0 8.9 8.1 2.1
2016 9 15 5 10 57.982 7.158873 -76.189557 7.240 0.31 11 219.6 15.9 14.5 28.2 1.5
2016 9 15 5 12 49.219 7.143059 -76.144937 5.026 0.20 12 197.8 15.7 9.6 9.1 1.5
2016 9 15 5 14 47.239 7.107917 -76.255460 22.786 0.11 7 254.7 11.2 17.3 11.6 1.0
2016 9 15 6 3 42.942 7.194015 -76.232046 13.490 0.32 14 238.3 19.8 7.7 7.4 2.3
2016 9 15 6 12 28.399 7.216858 -76.263919 19.245 0.48 26 114.3 22.9 3.5 7.0 2.3
2016 9 15 6 14 23.768 7.192258 -76.225671 9.609 0.25 13 236.0 19.5 7.0 7.0 1.5
2016 9 15 6 18 26.871 7.216858 -76.302178 17.318 0.23 14 247.0 24.4 4.8 4.4 1.7
2016 9 15 6 36 45.160 7.081560 -76.376588 8.906 0.12 7 247.9 19.7 15.0 5.8 1.1
2016 9 15 7 10 7.830 7.236186 -76.300046 4.323 0.20 8 247.7 26.3 12.7 11.3 1.2
2016 9 15 7 13 2.208 7.176444 -76.210801 10.521 0.40 13 229.8 17.7 9.1 7.4 1.6
2016 9 15 7 40 32.949 7.252000 -76.280911 9.870 0.43 21 108.9 27.2 4.7 7.3 2.6
2016 9 15 7 44 37.432 7.167659 -76.238434 12.682 0.15 8 239.9 17.0 9.4 7.5 1.2
2016 9 15 8 37 22.645 7.209829 -76.251168 7.786 0.14 7 242.8 21.9 10.7 7.1 1.3
2016 9 15 8 38 14.560 7.206315 -76.336188 15.026 0.25 12 249.1 25.2 7.8 6.0 1.7
2016 9 15 8 48 1.215 7.243214 -76.308547 5.052 0.30 11 248.6 27.3 10.9 7.5 1.5
2016 9 15 9 5 48.655 7.223886 -76.272418 13.984 0.31 15 245.0 24.0 12.2 9.5 1.7
2016 9 15 9 59 42.896 7.199286 -76.310685 22.474 0.20 9 246.9 23.1 9.1 5.2 1.4
2016 9 15 10 29 8.365 7.169416 -76.287315 18.542 0.09 8 259.0 18.9 8.0 8.7 1.5
2016 9 15 11 1 19.840 7.208072 -76.342564 14.323 0.24 14 249.6 25.8 6.3 4.0 1.9
2016 9 15 11 11 29.068 7.184351 -76.311751 18.581 0.25 16 145.1 21.7 2.5 3.2 2.1
2016 9 15 11 37 25.341 7.176444 -76.210801 8.021 0.15 7 229.8 17.7 46.1 36.9 1.2
2016 9 15 17 20 1.512 7.137788 -76.206570 14.531 0.37 10 225.9 13.4 12.0 11.9 1.3
2016 9 15 17 26 40.664 7.181715 -76.289436 14.193 0.15 10 244.6 20.3 7.0 3.4 1.9
2016 9 15 17 27 34.970 7.158873 -76.215060 10.573 0.41 12 230.9 15.7 10.1 7.9 1.9
2016 9 15 19 20 9.270 7.171173 -76.217179 9.245 0.46 18 140.3 17.1 3.4 5.3 2.2
2016 9 15 20 27 4.601 7.250243 -76.274534 13.073 0.64 11 246.4 26.8 11.4 14.9 1.6
2016 9 15 21 28 53.605 7.243214 -76.308547 11.719 0.22 10 248.6 27.3 6.7 4.5 1.4
2016 9 15 22 17 39.438 7.299442 -76.325538 51.302 0.27 10 252.3 33.8 6.7 16.9 1.5
2016 9 15 22 31 7.371 7.174687 -76.195925 7.057 0.38 15 223.8 17.5 8.2 6.4 1.9
2016 9 15 22 55 9.266 7.190501 -76.261803 12.396 0.30 8 248.8 20.1 15.8 30.1 1.4
2016 9 15 23 2 26.631 7.345127 -76.346788 40.104 0.26 9 255.9 39.4 11.8 20.6 1.6
2016 9 15 23 42 51.958 7.334584 -76.376555 44.844 0.21 12 257.3 39.7 7.9 17.2 1.6
2016 9 15 23 44 44.257 7.204558 -76.329812 14.896 0.36 9 248.6 24.6 8.8 10.3 1.1
2016 9 16 0 31 21.787 7.179958 -76.291562 12.135 0.26 8 259.3 20.2 10.2 13.3 1.3
2016 9 16 0 36 38.943 7.137788 -76.189568 14.010 0.46 8 217.3 13.5 17.3 15.9 1.3
2016 9 16 1 48 23.425 7.274842 -76.346802 12.604 0.55 12 252.7 32.3 11.5 10.0 1.6
2016 9 16 2 19 5.286 7.172930 -76.198051 2.031 0.27 10 224.5 17.3 10.1 12.9 1.3
2016 9 16 2 31 28.577 7.144816 -76.274572 16.823 0.39 8 257.3 15.9 15.7 23.2 1.0
2016 9 16 2 43 20.371 7.208072 -76.308557 18.281 0.43 11 247.1 23.8 10.8 12.1 1.7
2016 9 16 3 2 1.478 7.158873 -76.181056 4.323 0.22 10 215.9 16.0 13.1 28.8 1.5
2016 9 16 3 16 43.365 7.139545 -76.157690 9.714 0.47 20 202.4 14.7 8.5 6.1 1.9
2016 9 16 3 19 4.488 7.194015 -76.274554 11.406 0.26 10 243.9 20.9 12.9 12.2 1.3
2016 9 16 3 56 25.889 7.181715 -76.280935 14.714 0.28 10 243.9 19.9 7.9 4.0 1.2
2016 9 16 4 51 51.942 7.178201 -76.285186 16.380 0.22 10 244.1 19.7 6.5 3.7 1.2
2016 9 16 5 4 54.218 7.153602 -76.285195 18.255 0.15 8 260.1 17.3 7.4 9.3 1.2
2016 9 16 5 23 56.154 7.144816 -76.113058 0.052 0.42 8 228.0 92.9 19.4 26.3 0.8
2016 9 16 6 22 27.464 7.202801 -76.225666 10.964 0.33 12 236.3 20.7 8.0 6.8 1.2
2016 9 16 6 53 42.550 7.171173 -76.174673 3.307 0.18 12 214.9 17.5 6.4 7.6 0.9
2016 9 16 6 57 37.522 7.137788 -76.164067 5.573 0.18 10 204.9 14.3 11.0 21.9 1.4
2016 9 16 7 35 10.396 7.199286 -76.200162 7.786 0.32 21 199.0 20.2 6.0 5.7 2.6
2016 9 16 7 49 17.556 7.192258 -76.221420 11.432 0.49 22 234.5 19.5 7.9 6.1 2.4
2016 9 16 8 9 36.315 7.157116 -76.136427 0.026 0.30 12 197.7 17.5 10.7 8.2 1.6
2016 9 16 9 29 27.202 7.209829 -76.238415 8.672 0.50 25 125.8 21.6 3.6 6.1 2.7
2016 9 16 9 32 3.329 7.181715 -76.195921 5.130 0.24 12 224.3 18.3 6.8 9.3 1.7
2016 9 16 12 33 57.235 7.130759 -76.215074 14.323 0.22 8 230.1 12.6 11.9 8.6 1.2
2016 9 16 13 44 53.798 7.116702 -76.181080 16.719 0.21 8 209.4 11.5 15.3 11.2 1.4
2016 9 16 14 30 19.714 7.215100 -76.240539 7.344 0.23 10 241.4 22.2 10.4 17.8 1.5
2016 9 16 16 52 38.473 7.334584 -76.410572 34.010 0.72 18 259.5 41.6 7.4 17.0 2.1
2016 9 16 19 49 33.882 7.202801 -76.242669 13.099 0.55 22 144.1 20.9 4.4 4.9 2.8
2016 9 16 23 33 8.743 7.120217 -76.346832 20.729 0.31 9 273.1 18.9 10.6 6.7 1.7
2016 9 16 23 45 9.295 7.223886 -76.310678 12.005 0.11 9 247.9 25.5 5.2 5.9 1.7
2016 9 17 0 55 15.339 7.208072 -76.274549 12.552 0.46 16 145.8 22.4 4.1 7.4 2.4
2016 9 17 0 55 57.006 7.230914 -76.391448 15.078 0.48 16 151.9 31.1 8.4 7.6 2.3
2016 9 17 1 28 7.827 7.151845 -76.410582 18.490 0.23 8 291.4 26.7 15.5 18.6 1.1
2016 9 17 2 11 23.319 7.204558 -76.210787 11.771 0.50 30 86.7 20.8 2.7 4.5 2.7
2016 9 17 2 23 7.275 7.158873 -76.172555 1.615 0.22 8 212.3 16.2 16.6 10.9 1.7
2016 9 17 2 55 11.817 7.199286 -76.251173 9.453 0.29 16 242.3 20.7 6.7 5.4 1.6
2016 9 17 7 40 35.856 7.227400 -76.285170 10.078 0.21 10 246.2 24.8 7.4 4.7 1.5
2016 9 17 7 47 24.266 7.146573 -76.166187 1.432 0.10 8 207.6 15.1 6.8 9.4 1.1
2016 9 17 8 20 52.512 7.278356 -76.342550 13.594 0.75 36 58.3 32.5 3.4 7.8 2.6
2016 9 17 8 32 9.118 7.215100 -76.291551 14.010 0.29 12 246.1 23.7 6.7 3.9 1.4
2016 9 17 12 50 24.087 7.218615 -76.346813 13.229 0.22 12 250.4 27.0 8.2 8.1 1.7
2016 9 17 13 41 51.975 7.172930 -76.274562 17.760 0.38 20 142.7 18.7 3.5 4.2 2.5
2016 9 17 15 54 45.435 7.202801 -76.302182 13.464 0.23 10 246.4 23.0 9.6 5.3 1.7
2016 9 17 18 51 28.432 7.320527 -76.410573 30.365 0.38 18 160.8 107.9 7.8 19.3 2.3
2016 9 17 22 32 22.660 7.174687 -76.234180 12.734 0.41 18 141.3 17.7 5.6 7.0 2.4
2016 9 17 23 4 58.225 7.208072 -76.215036 6.823 0.36 22 176.4 21.2 10.8 9.2 2.5
2016 9 17 23 31 16.021 7.243214 -76.376567 12.865 0.32 10 253.4 31.1 16.4 9.3 1.4
2016 9 18 3 46 32.405 7.222129 -76.283046 11.719 0.63 18 245.8 24.1 12.0 8.8 2.0
2016 9 18 4 28 5.850 7.195772 -76.251174 12.943 0.45 36 60.0 20.3 2.7 3.4 2.7
2016 9 18 7 26 44.002 7.322284 -76.174586 12.682 0.32 16 229.5 34.1 8.6 7.5 1.6
2016 9 18 7 51 27.057 7.132516 -76.136443 1.068 0.25 18 191.7 15.1 5.1 7.1 1.9
2016 9 19 3 38 25.843 7.116702 -76.130079 0.052 0.36 8 184.4 14.1 14.3 21.2 1.0
2016 9 19 4 2 2.301 7.202801 -76.336189 6.901 0.23 10 249.0 24.9 7.7 9.1 1.0
2016 9 19 4 7 56.541 7.165901 -76.325571 22.031 0.33 10 246.8 20.9 12.9 13.9 1.1
2016 9 19 4 42 44.375 7.208072 -76.334062 13.594 0.27 12 249.0 25.2 12.8 8.9 1.2
2016 9 19 7 50 56.156 7.194015 -76.274554 16.302 0.42 11 243.9 20.9 9.4 6.8 1.6
2016 9 19 19 51 2.240 7.165901 -76.291566 17.760 0.12 7 269.1 18.8 11.0 10.8 1.4
2016 9 20 0 44 24.656 7.144816 -76.300074 20.052 0.22 8 266.6 17.3 12.6 12.9 1.3
2016 9 20 3 18 41.973 7.201044 -76.300057 12.760 0.23 10 246.2 22.7 10.6 7.2 1.5
2016 9 20 4 16 26.000 7.220372 -76.302177 12.943 0.34 15 247.1 24.7 9.1 6.4 1.5
2016 9 20 6 9 25.076 7.120217 -76.227829 6.771 0.45 16 237.2 11.6 9.4 6.8 1.7
2016 9 20 6 28 51.047 7.292413 -76.351050 40.052 0.25 10 253.8 34.3 7.6 16.1 1.2
2016 9 20 9 51 20.728 7.192258 -76.310687 15.286 0.16 8 263.9 22.4 11.3 10.9 1.4
2016 9 20 11 29 51.918 7.125488 -76.289454 15.964 0.13 7 266.4 14.9 7.3 6.7 1.2
2016 9 20 15 42 26.267 7.171173 -76.259685 13.672 0.24 14 241.8 17.9 6.5 4.7 1.7
2016 9 20 21 11 15.834 7.188744 -76.323440 14.974 0.19 8 267.7 22.8 6.8 6.6 1.8
2016 9 20 21 19 57.791 7.116702 -76.240581 23.385 0.14 7 245.0 11.5 7.6 7.4 1.6
2016 9 20 23 35 27.700 7.137788 -76.138565 1.302 0.32 12 194.0 15.5 9.2 9.2 1.9
2016 9 21 6 39 47.240 7.273085 -76.272400 22.109 0.68 36 95.7 29.2 3.4 11.9 3.1
2016 9 21 6 44 27.894 7.194015 -76.206541 8.177 0.41 26 101.6 19.6 3.1 5.0 2.8
2016 9 21 6 46 26.786 7.202801 -76.272426 13.255 0.41 19 145.3 21.7 3.8 3.5 2.2
2016 9 21 6 48 51.645 7.176444 -76.193798 9.688 0.56 16 223.1 17.7 8.5 6.7 1.9
2016 9 21 6 56 59.019 7.143059 -76.166189 4.089 0.34 10 206.9 14.8 7.0 6.0 2.2
2016 9 21 7 3 14.591 7.178201 -76.234179 10.651 0.30 14 239.1 18.1 6.9 6.3 1.7
2016 9 21 7 15 25.825 7.192258 -76.204417 8.984 0.24 15 228.2 19.4 5.8 4.2 1.7
2016 9 21 7 16 30.550 7.299442 -76.334042 41.094 0.27 12 252.9 34.2 5.4 10.9 1.6
2016 9 21 7 19 3.462 7.172930 -76.181048 5.885 0.33 16 217.6 17.6 7.2 8.9 2.0
2016 9 21 8 19 32.802 7.187865 -76.260741 12.513 0.28 19 143.5 19.8 3.2 3.0 2.4
2016 9 21 8 33 27.280 7.129002 -76.149196 1.380 0.34 13 196.2 14.1 9.9 8.2 1.7
2016 9 21 14 35 53.096 7.167659 -76.263937 14.818 0.12 8 250.9 17.7 6.9 9.1 1.5
2016 9 21 20 29 56.720 7.157116 -76.268192 15.703 0.14 8 253.4 16.8 7.2 8.9 1.8
2016 9 22 0 41 1.465 7.208072 -76.283051 14.427 0.28 10 245.2 22.7 9.0 6.7 1.6
2016 9 22 1 4 43.569 7.327555 -76.061903 0.052 0.33 9 236.9 38.1 9.4 17.7 1.3
2016 9 22 5 32 13.501 7.165901 -76.164050 7.448 0.53 18 209.9 17.2 6.6 5.8 1.9
2016 9 22 10 32 40.583 7.148330 -76.261819 17.604 0.11 8 251.7 15.6 6.7 6.5 0.9
2016 9 22 13 58 33.303 7.172930 -76.232056 10.469 0.47 16 238.3 17.4 9.2 6.2 1.8
2016 9 22 20 31 22.557 7.194015 -76.181036 5.052 0.29 12 248.1 19.9 6.6 7.0 1.9
2016 9 22 22 21 4.259 7.158873 -76.266066 12.656 0.30 7 278.2 16.9 10.0 7.4 1.6
2016 9 23 13 26 36.886 7.171173 -76.144919 0.026 0.53 20 203.6 18.5 5.4 5.8 2.2
2016 9 24 4 25 18.982 5.222538 -74.720939 56.979 0.06 8 336.3 140.0 15.9 45.6 0.9
2016 9 24 9 4 42.067 7.157116 -76.013164 0.026 0.36 14 164.3 26.6 9.1 14.7 1.7
2016 9 24 22 39 5.493 7.222129 -76.249038 31.719 0.17 10 243.1 23.1 9.2 15.8 2.2
2016 9 25 4 9 8.537 7.178201 -76.251181 14.818 0.34 12 241.4 18.4 6.4 3.9 1.6
2016 9 25 5 31 15.774 7.136031 -76.132191 2.005 0.44 14 191.0 15.7 7.6 7.5 2.1
2016 9 26 9 42 29.337 7.236186 -76.240530 5.260 0.16 9 241.7 24.5 10.5 14.0 1.8
2016 9 26 10 34 14.147 7.081560 -76.206598 40.052 0.20 8 222.2 7.1 19.2 14.8 1.4
2016 9 26 11 46 27.423 7.208072 -76.257545 9.323 0.31 10 243.2 21.8 9.7 13.0 1.5
2016 9 26 12 49 42.813 7.074532 -76.011115 46.823 0.21 8 278.4 111.8 6.8 20.0 1.1
2016 9 26 17 30 9.467 7.179958 -76.283061 16.615 0.19 8 256.6 19.8 10.7 13.9 1.3
2016 9 26 22 7 27.106 7.186987 -76.274557 17.240 0.42 22 243.6 20.1 10.0 7.9 2.3
2016 9 27 1 11 49.667 7.425954 -76.512639 19.219 0.34 14 269.1 56.3 8.0 14.5 1.6
2016 9 27 5 12 35.098 7.132516 -76.136443 0.286 0.25 10 191.7 15.1 10.2 20.0 1.0
2016 9 27 9 15 22.082 7.179958 -76.223551 10.677 0.40 12 235.0 18.1 10.0 6.9 1.5
2016 9 28 0 2 23.564 7.132516 -76.123693 0.026 0.24 17 186.8 15.9 4.6 4.9 2.2
2016 9 28 6 11 26.887 7.213343 -76.310681 13.724 0.18 11 247.5 24.4 8.6 5.6 1.1
2016 9 28 6 40 36.009 7.259028 -76.297914 4.661 0.16 10 248.5 28.5 6.1 7.7 1.0
2016 9 28 12 25 2.253 7.137788 -76.402083 13.698 0.33 10 251.5 25.1 8.7 7.1 1.4
2016 9 29 11 1 50.259 7.201044 -76.342566 15.677 0.25 8 271.2 25.1 10.0 11.1 1.2
2016 9 29 15 53 20.778 7.260785 -76.380816 14.271 0.18 8 274.6 33.0 10.5 11.4 1.3
2016 9 29 20 37 5.806 7.146573 -76.268195 15.443 0.20 10 241.5 15.7 10.5 7.2 1.9
2016 9 30 1 10 30.891 7.088589 -76.070600 22.448 0.34 16 156.0 17.2 9.6 14.9 1.5
2016 9 30 2 2 50.403 7.222129 -76.240536 10.885 0.65 20 184.1 23.0 11.5 16.3 2.0
2016 9 30 2 20 17.943 7.083317 -76.021731 9.922 0.23 8 145.3 22.0 5.8 10.1 1.0
2016 9 30 2 23 12.683 7.039390 -75.985651 0.052 0.23 8 127.8 24.8 12.3 15.7 0.7
2016 9 30 3 29 29.098 7.376755 -76.504126 18.594 0.26 7 266.6 51.5 20.9 24.7 1.1
2016 10 1 6 50 13.604 7.164144 -76.161926 7.318 0.16 7 208.8 17.1 15.0 11.2 1.0
2016 10 1 8 2 12.263 7.229157 -76.308551 4.115 0.11 7 248.0 25.9 9.7 12.0 1.2
2016 10 1 10 43 38.796 7.172930 -76.223554 11.823 0.43 16 234.9 17.3 8.8 6.6 1.9
2016 10 1 14 0 49.793 7.060475 -76.172612 10.781 0.31 10 181.9 6.3 10.5 8.7 1.5
2016 10 3 9 40 57.769 7.186987 -76.334067 15.156 0.22 10 248.2 23.3 12.9 15.1 1.8
2016 10 3 9 42 9.460 7.186987 -76.283058 13.177 0.23 10 244.3 20.5 12.5 8.1 1.4
2016 10 4 19 46 38.318 7.215100 -76.393575 20.573 0.18 8 280.6 29.9 14.1 14.2 1.5
2016 10 5 19 16 23.935 7.176444 -76.312816 14.896 0.10 8 266.1 21.0 12.4 21.4 1.7
2016 10 6 15 43 1.062 7.139545 -76.229945 12.057 0.33 22 138.2 13.7 6.8 5.0 2.6
2016 10 6 16 27 12.779 7.121974 -76.119450 0.026 0.66 18 131.8 15.3 7.6 7.7 2.0
2016 10 8 4 52 2.937 7.229157 -76.240533 17.552 0.29 10 267.4 23.8 10.3 8.5 1.2
2016 10 8 7 47 12.023 7.162387 -75.870767 30.521 0.23 10 203.4 75.3 7.3 24.6 1.1
2016 10 8 11 51 1.767 7.037632 -76.221492 9.974 0.44 12 233.8 2.6 10.3 6.5 1.4
2016 10 8 23 49 34.114 6.977891 -76.191778 13.203 0.25 16 164.9 4.8 4.6 4.2 1.6
2016 10 9 0 59 28.768 7.069260 -76.157733 8.255 0.27 14 177.3 8.1 6.7 7.9 2.0
2016 10 9 17 6 12.307 7.278356 -76.342550 34.740 0.33 12 252.6 32.5 7.4 16.8 1.8
2016 10 9 18 49 50.149 7.076289 -76.200226 12.682 0.27 10 215.3 6.6 8.6 6.3 1.2
2016 10 9 20 46 58.725 7.153602 -76.297946 12.578 0.28 10 244.2 18.0 7.3 7.0 1.3
2016 10 9 22 3 45.458 7.262542 -76.293661 7.214 0.43 18 151.4 28.8 4.2 5.0 2.0
2016 10 9 22 6 44.316 7.222129 -76.376570 19.427 0.22 8 274.8 29.3 7.9 8.2 1.4
2016 10 10 2 58 11.014 7.208072 -76.317059 12.240 0.25 10 247.8 24.3 9.6 8.1 1.1
2016 10 10 3 6 24.420 7.192258 -76.323439 14.401 0.24 12 247.6 23.1 10.8 7.6 1.7
2016 10 10 4 49 17.158 7.067503 -76.164108 9.010 0.37 12 180.3 7.5 7.6 8.5 1.2
2016 10 10 10 7 28.821 7.255514 -76.144865 11.849 0.47 26 113.5 27.4 5.1 9.5 2.4
2016 10 10 16 4 53.239 7.144816 -76.130060 0.052 0.68 16 192.5 16.6 14.2 11.5 2.0
2016 10 12 0 37 49.206 7.088589 -76.198095 11.406 0.33 16 215.6 8.0 5.7 6.4 1.9
2016 10 12 6 21 17.484 7.172930 -76.317068 10.156 0.22 9 246.4 20.9 11.2 7.1 1.0
2016 10 13 7 59 36.799 7.058718 -76.149240 10.391 0.32 12 165.9 8.1 5.9 8.0 0.9
2016 10 14 3 39 26.501 7.172930 -76.130041 21.615 0.16 9 228.9 19.4 12.1 10.4 1.5
